20444, 51237
51237, 57382
81968, 93515
36439, 85766
9791, 93603
15148, 93603
16793, 93603
29733, 89023
37278, 85467
38031, 85467
85467, 93603
89023, 93603
16014, 82715
34361, 96625
82715, 96625
6436, 8296
6436, 30251
8002, 9772
8002, 10583
8002, 15039
8002, 15960
8002, 29807
8002, 32306
8296, 21091
8296, 28634
8296, 30251
8296, 31243
8296, 38393
8296, 73569
8296, 77570
8296, 78407
8296, 79627
8296, 96722
8296, 103454
9772, 57608
9772, 71303
9772, 86157
10583, 12896
10583, 15039
10583, 63054
10583, 72733
11301, 102426
11301, 103454
11738, 30251
12896, 29794
12896, 30251
12896, 32306
12896, 38393
12896, 72818
12896, 73569
13459, 28634
13459, 103454
15039, 29807
15039, 34006
15039, 72733
15039, 84088
15691, 89783
15960, 29807
18828, 30251
20921, 30251
21091, 30251
21091, 103454
26866, 63054
26866, 84088
28634, 30251
28634, 32306
28634, 44353
28634, 71067
28634, 73569
28634, 78407
28634, 103454
29794, 103454
29807, 34006
29807, 68324
30251, 32306
30251, 44353
30251, 48660
30251, 73569
30251, 76718
30251, 102742
30251, 103454
32306, 73569
32557, 61541
34006, 37262
34006, 50396
34006, 68324
34006, 69680
34006, 86157
34006, 86232
37177, 99245
44353, 102426
48660, 73569
51750, 63054
65111, 68324
71303, 86157
85686, 86157
19479, 65586
19479, 78300
30639, 78300
51234, 80239
51234, 100079
53298, 100054
80239, 100079
100054, 100079
7624, 20789
7624, 22538
7624, 32959
7624, 64915
20789, 90010
22538, 65326
37753, 65326
414, 99847
1324, 73538
12039, 73538
18867, 26984
18867, 35419
18867, 50918
18867, 77807
18867, 78269
35419, 77807
35419, 78269
54597, 64637
77807, 78269
3932, 92295
11304, 70292
6545, 44140
6545, 91947
44140, 91947
85293, 100904
12452, 52381
12452, 52432
59341, 80750
13621, 49651
9018, 101288
69182, 82838
31819, 46365
15162, 81505
489, 48992
489, 74191
489, 81963
2706, 30722
2706, 58328
6121, 13752
7439, 58328
7716, 35811
13752, 46883
13752, 48992
13752, 74191
13752, 81963
13926, 17470
13926, 35811
13926, 58328
17156, 42741
17156, 58328
17337, 81963
17470, 42741
17470, 58328
17470, 70718
17470, 72561
17470, 80735
17470, 90660
17470, 91158
18382, 58328
18382, 90660
18997, 49459
18997, 58328
18997, 70718
18997, 90660
19153, 58328
19153, 81963
19153, 100951
20164, 30722
20164, 33367
20164, 36042
20164, 55666
20164, 58328
20164, 63689
20164, 78517
20164, 84870
20164, 90660
20164, 101404
20477, 97494
26333, 58328
26479, 58328
28263, 58328
28512, 30059
28512, 42741
28512, 58328
28512, 91158
29847, 97494
30059, 52774
30059, 58328
30722, 35811
30722, 58328
30722, 61877
30722, 63689
30722, 70718
30722, 90660
30722, 101404
33367, 52774
33367, 58328
33367, 63689
33367, 78517
33367, 90660
33367, 91158
33653, 74191
33653, 81963
33941, 58328
33941, 103532
36042, 58328
36042, 63689
36042, 75899
36042, 84870
36960, 74191
36960, 81963
42741, 58328
42741, 72561
42741, 81963
44515, 70718
46883, 81963
48992, 81963
49459, 58328
49459, 70718
50357, 91158
52774, 58328
52774, 63689
52774, 90660
53337, 58328
55236, 97494
58328, 61877
58328, 63689
58328, 70718
58328, 72087
58328, 74191
58328, 81963
58328, 84597
58328, 84870
58328, 90660
58328, 97494
58328, 100951
58328, 101404
61877, 74191
61877, 78517
63689, 66310
63689, 75899
63689, 84870
63689, 90660
63689, 101404
63689, 101914
63689, 103510
66310, 90660
66567, 97494
70718, 74191
70718, 81963
70718, 84597
70718, 101404
74191, 78517
74191, 81963
74191, 84597
74191, 92164
74191, 97494
74191, 101404
78517, 81963
78517, 91158
78517, 97494
81963, 84597
81963, 91158
81963, 92164
81963, 97494
81963, 98244
81963, 100951
81963, 101404
84870, 103532
90660, 91158
90660, 101404
22983, 53267
33146, 50436
33146, 53267
43039, 53267
50436, 53267
52612, 53267
53267, 62898
53267, 96076
21955, 73410
33852, 83313
47930, 53615
47930, 61441
47930, 63260
47930, 67877
47930, 79725
47930, 83313
47930, 93451
47930, 99433
47930, 99885
47930, 102559
78237, 82446
3584, 100549
11108, 91532
11108, 92030
24193, 94019
32934, 46528
32934, 49457
43804, 49457
46528, 49457
59060, 76531
65367, 100549
77778, 100549
94019, 97723
94019, 100549
7806, 45956
3822, 18481
18481, 90297
16361, 85051
47586, 75640
95602, 98688
20164, 20677
20677, 47185
20677, 101357
26333, 47113
47113, 55064
47113, 58649
86371, 91580
90012, 91580
9458, 71729
